0,2525,934,3096,6574,3486,1970,1328,2672,2547
2525,0,4315,4726,3236,699,5121,2290,6050,5950
934,4315,0,3569,5892,4410,1161,2084,1997,1831
3096,4726,3569,0,7728,4259,2888,3917,3239,3330
6574,3236,5892,7728,0,3804,7021,4099,7889,7717
3486,699,4410,4259,3804,0,5069,2539,5974,5899
1970,5121,1161,2888,7021,5069,0,3061,1010,831
1328,2290,2084,3917,4099,2539,3061,0,3987,3851
2672,6050,1997,3239,7889,5974,1010,3987,0,205
2547,5950,1831,3330,7717,5899,831,3851,205,0